   0.0000000000000000     
  0.50000000000000000     
   1.0000000000000000     
   1.5000000000000000     
   2.0000000000000000     
   2.5000000000000000     
   3.0000000000000000     
   3.5000000000000000     
   4.0000000000000000     
   4.5000000000000000     
   5.0000000000000000     
   5.5000000000000000     
   6.0000000000000000     
   6.5000000000000000     
   7.0000000000000000     
   7.5000000000000000     
   8.0000000000000000     
   8.5000000000000000     
   9.0000000000000000     
   9.5000000000000000     
   10.000000000000000     
   10.500000000000000     
   11.000000000000000     
   11.500000000000000     
   12.000000000000000     
   12.500000000000000     
   13.000000000000000     
   13.500000000000000     
   14.000000000000000     
   14.500000000000000     
   15.000000000000000     
   15.500000000000000     
   16.000000000000000     
   16.500000000000000     
   17.000000000000000     
   17.500000000000000     
   18.000000000000000     
   18.500000000000000     
   19.000000000000000     
   19.500000000000000     
   20.000000000000000     
   20.500000000000000     
   21.000000000000000     
   21.500000000000000     
   22.000000000000000     
   22.500000000000000     
   23.000000000000000     
   23.500000000000000     
   24.000000000000000     
   24.500000000000000     
   25.000000000000000     
   25.500000000000000     
   26.000000000000000     
   26.500000000000000     
   27.000000000000000     
   27.500000000000000     
   28.000000000000000     
   28.500000000000000     
   29.000000000000000     
   29.500000000000000     
   30.000000000000000     
   30.500000000000000     
   31.000000000000000     
   31.500000000000000     
   32.000000000000000     
   32.500000000000000     
   33.000000000000000     
   33.500000000000000     
   34.000000000000000     
   34.500000000000000     
   35.000000000000000     
   35.500000000000000     
   36.000000000000000     
   36.500000000000000     
   37.000000000000000     
   37.500000000000000     
   38.000000000000000     
   38.500000000000000     
   39.000000000000000     
   39.500000000000000     
   40.000000000000000     
   40.500000000000000     
   41.000000000000000     
   41.500000000000000     
   42.000000000000000     
   42.500000000000000     
   43.000000000000000     
   43.500000000000000     
   44.000000000000000     
   44.500000000000000     
   45.000000000000000     
   45.500000000000000     
   46.000000000000000     
   46.500000000000000     
   47.000000000000000     
   47.500000000000000     
   48.000000000000000     
   48.500000000000000     
   49.000000000000000     
   49.500000000000000     
   50.000000000000000     
   50.500000000000000     
   51.000000000000000     
   51.500000000000000     
   52.000000000000000     
   52.500000000000000     
   53.000000000000000     
   53.500000000000000     
   54.000000000000000     
   54.500000000000000     
   55.000000000000000     
   55.500000000000000     
   56.000000000000000     
   56.500000000000000     
   57.000000000000000     
   57.500000000000000     
   58.000000000000000     
   58.500000000000000     
   59.000000000000000     
   59.500000000000000     
   60.000000000000000     
   60.500000000000000     
   61.000000000000000     
   61.500000000000000     
   62.000000000000000     
   62.500000000000000     
   63.000000000000000     
   63.500000000000000     
   64.000000000000000     
   64.500000000000000     
   65.000000000000000     
   65.500000000000000     
   66.000000000000000     
   66.500000000000000     
   67.000000000000000     
   67.500000000000000     
   68.000000000000000     
   68.500000000000000     
   69.000000000000000     
   69.500000000000000     
   70.000000000000000     
   70.500000000000000     
   71.000000000000000     
   71.500000000000000     
   72.000000000000000     
   72.500000000000000     
   73.000000000000000     
   73.500000000000000     
   74.000000000000000     
   74.500000000000000     
   75.000000000000000     
   75.500000000000000     
   76.000000000000000     
   76.500000000000000     
   77.000000000000000     
   77.500000000000000     
   78.000000000000000     
   78.500000000000000     
   79.000000000000000     
   79.500000000000000     
   80.000000000000000     
   80.500000000000000     
   81.000000000000000     
   81.500000000000000     
   82.000000000000000     
   82.500000000000000     
   83.000000000000000     
   83.500000000000000     
   84.000000000000000     
   84.500000000000000     
   85.000000000000000     
   85.500000000000000     
   86.000000000000000     
   86.500000000000000     
   87.000000000000000     
   87.500000000000000     
   88.000000000000000     
   88.500000000000000     
   89.000000000000000     
   89.500000000000000     
   90.000000000000000     
   90.500000000000000     
   91.000000000000000     
   91.500000000000000     
   92.000000000000000     
   92.500000000000000     
   93.000000000000000     
   93.500000000000000     
   94.000000000000000     
   94.500000000000000     
   95.000000000000000     
   95.500000000000000     
   96.000000000000000     
   96.500000000000000     
   97.000000000000000     
   97.500000000000000     
   98.000000000000000     
   98.500000000000000     
   99.000000000000000     
   99.500000000000000     
   100.00000000000000     
   100.50000000000000     
   101.00000000000000     
   101.50000000000000     
   102.00000000000000     
   102.50000000000000     
   103.00000000000000     
   103.50000000000000     
   104.00000000000000     
   104.50000000000000     
   105.00000000000000     
   105.50000000000000     
   106.00000000000000     
   106.50000000000000     
   107.00000000000000     
   107.50000000000000     
   108.00000000000000     
   108.50000000000000     
   109.00000000000000     
   109.50000000000000     
   110.00000000000000     
   110.50000000000000     
   111.00000000000000     
   111.50000000000000     
   112.00000000000000     
   112.50000000000000     
   113.00000000000000     
   113.50000000000000     
   114.00000000000000     
   114.50000000000000     
   115.00000000000000     
   115.50000000000000     
   116.00000000000000     
   116.50000000000000     
   117.00000000000000     
   117.50000000000000     
   118.00000000000000     
   118.50000000000000     
   119.00000000000000     
   119.50000000000000     
   120.00000000000000     
   120.50000000000000     
   121.00000000000000     
   121.50000000000000     
   122.00000000000000     
   122.50000000000000     
   123.00000000000000     
   123.50000000000000     
   124.00000000000000     
   124.50000000000000     
   125.00000000000000     
   125.50000000000000     
   126.00000000000000     
   126.50000000000000     
   127.00000000000000     
   127.50000000000000     
   128.00000000000000     
   128.50000000000000     
   129.00000000000000     
   129.50000000000000     
   130.00000000000000     
   130.50000000000000     
   131.00000000000000     
   131.50000000000000     
   132.00000000000000     
   132.50000000000000     
   133.00000000000000     
   133.50000000000000     
   134.00000000000000     
   134.50000000000000     
   135.00000000000000     
   135.50000000000000     
   136.00000000000000     
   136.50000000000000     
   137.00000000000000     
   137.50000000000000     
   138.00000000000000     
   138.50000000000000     
   139.00000000000000     
   139.50000000000000     
   140.00000000000000     
   140.50000000000000     
   141.00000000000000     
   141.50000000000000     
   142.00000000000000     
   142.50000000000000     
   143.00000000000000     
   143.50000000000000     
   144.00000000000000     
   144.50000000000000     
   145.00000000000000     
   145.50000000000000     
   146.00000000000000     
   146.50000000000000     
   147.00000000000000     
   147.50000000000000     
   148.00000000000000     
   148.50000000000000     
   149.00000000000000     
   149.50000000000000     
   150.00000000000000     
   150.50000000000000     
   151.00000000000000     
   151.50000000000000     
   152.00000000000000     
   152.50000000000000     
   153.00000000000000     
   153.50000000000000     
   154.00000000000000     
   154.50000000000000     
   155.00000000000000     
   155.50000000000000     
   156.00000000000000     
   156.50000000000000     
   157.00000000000000     
   157.50000000000000     
   158.00000000000000     
   158.50000000000000     
   159.00000000000000     
   159.50000000000000     
   160.00000000000000     
   160.50000000000000     
   161.00000000000000     
   161.50000000000000     
   162.00000000000000     
   162.50000000000000     
   163.00000000000000     
   163.50000000000000     
   164.00000000000000     
   164.50000000000000     
   165.00000000000000     
   165.50000000000000     
   166.00000000000000     
   166.50000000000000     
   167.00000000000000     
   167.50000000000000     
   168.00000000000000     
   168.50000000000000     
   169.00000000000000     
   169.50000000000000     
   170.00000000000000     
   170.50000000000000     
   171.00000000000000     
   171.50000000000000     
   172.00000000000000     
   172.50000000000000     
   173.00000000000000     
   173.50000000000000     
   174.00000000000000     
   174.50000000000000     
   175.00000000000000     
   175.50000000000000     
   176.00000000000000     
   176.50000000000000     
   177.00000000000000     
   177.50000000000000     
   178.00000000000000     
   178.50000000000000     
   179.00000000000000     
   179.50000000000000     
   180.00000000000000     
   180.50000000000000     
   181.00000000000000     
   181.50000000000000     
   182.00000000000000     
   182.50000000000000     
   183.00000000000000     
   183.50000000000000     
   184.00000000000000     
   184.50000000000000     
   185.00000000000000     
   185.50000000000000     
   186.00000000000000     
   186.50000000000000     
   187.00000000000000     
   187.50000000000000     
   188.00000000000000     
   188.50000000000000     
   189.00000000000000     
   189.50000000000000     
   190.00000000000000     
   190.50000000000000     
   191.00000000000000     
   191.50000000000000     
   192.00000000000000     
   192.50000000000000     
   193.00000000000000     
   193.50000000000000     
   194.00000000000000     
   194.50000000000000     
   195.00000000000000     
   195.50000000000000     
   196.00000000000000     
   196.50000000000000     
   197.00000000000000     
   197.50000000000000     
   198.00000000000000     
   198.50000000000000     
   199.00000000000000     
   199.50000000000000     
   200.00000000000000     
   200.50000000000000     
   201.00000000000000     
   201.50000000000000     
   202.00000000000000     
   202.50000000000000     
   203.00000000000000     
   203.50000000000000     
   204.00000000000000     
   204.50000000000000     
   205.00000000000000     
   205.50000000000000     
   206.00000000000000     
   206.50000000000000     
   207.00000000000000     
   207.50000000000000     
   208.00000000000000     
   208.50000000000000     
   209.00000000000000     
   209.50000000000000     
   210.00000000000000     
   210.50000000000000     
   211.00000000000000     
   211.50000000000000     
   212.00000000000000     
   212.50000000000000     
   213.00000000000000     
   213.50000000000000     
   214.00000000000000     
   214.50000000000000     
   215.00000000000000     
   215.50000000000000     
   216.00000000000000     
   216.50000000000000     
   217.00000000000000     
   217.50000000000000     
   218.00000000000000     
   218.50000000000000     
   219.00000000000000     
   219.50000000000000     
   220.00000000000000     
   220.50000000000000     
   221.00000000000000     
   221.50000000000000     
   222.00000000000000     
   222.50000000000000     
   223.00000000000000     
   223.50000000000000     
   224.00000000000000     
   224.50000000000000     
   225.00000000000000     
   225.50000000000000     
   226.00000000000000     
   226.50000000000000     
   227.00000000000000     
   227.50000000000000     
   228.00000000000000     
   228.50000000000000     
   229.00000000000000     
   229.50000000000000     
   230.00000000000000     
   230.50000000000000     
   231.00000000000000     
   231.50000000000000     
   232.00000000000000     
   232.50000000000000     
   233.00000000000000     
   233.50000000000000     
   234.00000000000000     
   234.50000000000000     
   235.00000000000000     
   235.50000000000000     
   236.00000000000000     
   236.50000000000000     
   237.00000000000000     
   237.50000000000000     
   238.00000000000000     
   238.50000000000000     
   239.00000000000000     
   239.50000000000000     
   240.00000000000000     
   240.50000000000000     
   241.00000000000000     
   241.50000000000000     
   242.00000000000000     
   242.50000000000000     
   243.00000000000000     
   243.50000000000000     
   244.00000000000000     
   244.50000000000000     
   245.00000000000000     
   245.50000000000000     
   246.00000000000000     
   246.50000000000000     
   247.00000000000000     
   247.50000000000000     
   248.00000000000000     
   248.50000000000000     
   249.00000000000000     
   249.50000000000000     
   250.00000000000000     
   250.50000000000000     
   251.00000000000000     
   251.50000000000000     
   252.00000000000000     
   252.50000000000000     
   253.00000000000000     
   253.50000000000000     
   254.00000000000000     
   254.50000000000000     
   255.00000000000000     
   255.50000000000000     
   256.00000000000000     
   256.50000000000000     
   257.00000000000000     
   257.50000000000000     
   258.00000000000000     
   258.50000000000000     
   259.00000000000000     
   259.50000000000000     
   260.00000000000000     
   260.50000000000000     
   261.00000000000000     
   261.50000000000000     
   262.00000000000000     
   262.50000000000000     
   263.00000000000000     
   263.50000000000000     
   264.00000000000000     
   264.50000000000000     
   265.00000000000000     
   265.50000000000000     
   266.00000000000000     
   266.50000000000000     
   267.00000000000000     
   267.50000000000000     
   268.00000000000000     
   268.50000000000000     
   269.00000000000000     
   269.50000000000000     
   270.00000000000000     
   270.50000000000000     
   271.00000000000000     
   271.50000000000000     
   272.00000000000000     
   272.50000000000000     
   273.00000000000000     
   273.50000000000000     
   274.00000000000000     
   274.50000000000000     
   275.00000000000000     
   275.50000000000000     
   276.00000000000000     
   276.50000000000000     
   277.00000000000000     
   277.50000000000000     
   278.00000000000000     
   278.50000000000000     
   279.00000000000000     
   279.50000000000000     
   280.00000000000000     
   280.50000000000000     
   281.00000000000000     
   281.50000000000000     
   282.00000000000000     
   282.50000000000000     
   283.00000000000000     
   283.50000000000000     
   284.00000000000000     
   284.50000000000000     
   285.00000000000000     
   285.50000000000000     
   286.00000000000000     
   286.50000000000000     
   287.00000000000000     
   287.50000000000000     
   288.00000000000000     
   288.50000000000000     
   289.00000000000000     
   289.50000000000000     
   290.00000000000000     
   290.50000000000000     
   291.00000000000000     
   291.50000000000000     
   292.00000000000000     
   292.50000000000000     
   293.00000000000000     
   293.50000000000000     
   294.00000000000000     
   294.50000000000000     
   295.00000000000000     
   295.50000000000000     
   296.00000000000000     
   296.50000000000000     
   297.00000000000000     
   297.50000000000000     
   298.00000000000000     
   298.50000000000000     
   299.00000000000000     
   299.50000000000000     
   300.00000000000000     
   300.50000000000000     
   301.00000000000000     
   301.50000000000000     
   302.00000000000000     
   302.50000000000000     
   303.00000000000000     
   303.50000000000000     
   304.00000000000000     
   304.50000000000000     
   305.00000000000000     
   305.50000000000000     
   306.00000000000000     
   306.50000000000000     
   307.00000000000000     
   307.50000000000000     
   308.00000000000000     
   308.50000000000000     
   309.00000000000000     
   309.50000000000000     
   310.00000000000000     
   310.50000000000000     
   311.00000000000000     
   311.50000000000000     
   312.00000000000000     
   312.50000000000000     
   313.00000000000000     
   313.50000000000000     
   314.00000000000000     
   314.50000000000000     
   315.00000000000000     
   315.50000000000000     
   316.00000000000000     
   316.50000000000000     
   317.00000000000000     
   317.50000000000000     
   318.00000000000000     
   318.50000000000000     
   319.00000000000000     
   319.50000000000000     
   320.00000000000000     
   320.50000000000000     
   321.00000000000000     
   321.50000000000000     
   322.00000000000000     
   322.50000000000000     
   323.00000000000000     
   323.50000000000000     
   324.00000000000000     
   324.50000000000000     
   325.00000000000000     
   325.50000000000000     
   326.00000000000000     
   326.50000000000000     
   327.00000000000000     
   327.50000000000000     
   328.00000000000000     
   328.50000000000000     
   329.00000000000000     
   329.50000000000000     
   330.00000000000000     
   330.50000000000000     
   331.00000000000000     
   331.50000000000000     
   332.00000000000000     
   332.50000000000000     
   333.00000000000000     
   333.50000000000000     
   334.00000000000000     
   334.50000000000000     
   335.00000000000000     
   335.50000000000000     
   336.00000000000000     
   336.50000000000000     
   337.00000000000000     
   337.50000000000000     
   338.00000000000000     
   338.50000000000000     
   339.00000000000000     
   339.50000000000000     
   340.00000000000000     
   340.50000000000000     
   341.00000000000000     
   341.50000000000000     
   342.00000000000000     
   342.50000000000000     
   343.00000000000000     
   343.50000000000000     
   344.00000000000000     
   344.50000000000000     
   345.00000000000000     
   345.50000000000000     
   346.00000000000000     
   346.50000000000000     
   347.00000000000000     
   347.50000000000000     
   348.00000000000000     
   348.50000000000000     
   349.00000000000000     
   349.50000000000000     
   350.00000000000000     
   350.50000000000000     
   351.00000000000000     
   351.50000000000000     
   352.00000000000000     
   352.50000000000000     
   353.00000000000000     
   353.50000000000000     
   354.00000000000000     
   354.50000000000000     
   355.00000000000000     
   355.50000000000000     
   356.00000000000000     
   356.50000000000000     
   357.00000000000000     
   357.50000000000000     
   358.00000000000000     
   358.50000000000000     
   359.00000000000000     
   359.50000000000000     
   360.00000000000000     
   360.50000000000000     
   361.00000000000000     
   361.50000000000000     
   362.00000000000000     
   362.50000000000000     
   363.00000000000000     
   363.50000000000000     
   364.00000000000000     
   364.50000000000000     
   365.00000000000000     
   365.50000000000000     
   366.00000000000000     
   366.50000000000000     
   367.00000000000000     
   367.50000000000000     
   368.00000000000000     
   368.50000000000000     
   369.00000000000000     
   369.50000000000000     
   370.00000000000000     
   370.50000000000000     
   371.00000000000000     
   371.50000000000000     
   372.00000000000000     
   372.50000000000000     
   373.00000000000000     
   373.50000000000000     
   374.00000000000000     
   374.50000000000000     
   375.00000000000000     
   375.50000000000000     
   376.00000000000000     
   376.50000000000000     
   377.00000000000000     
   377.50000000000000     
   378.00000000000000     
   378.50000000000000     
   379.00000000000000     
   379.50000000000000     
   380.00000000000000     
   380.50000000000000     
   381.00000000000000     
   381.50000000000000     
   382.00000000000000     
   382.50000000000000     
   383.00000000000000     
   383.50000000000000     
   384.00000000000000     
   384.50000000000000     
   385.00000000000000     
   385.50000000000000     
   386.00000000000000     
   386.50000000000000     
   387.00000000000000     
   387.50000000000000     
   388.00000000000000     
   388.50000000000000     
   389.00000000000000     
   389.50000000000000     
   390.00000000000000     
   390.50000000000000     
   391.00000000000000     
   391.50000000000000     
   392.00000000000000     
   392.50000000000000     
   393.00000000000000     
   393.50000000000000     
   394.00000000000000     
   394.50000000000000     
   395.00000000000000     
   395.50000000000000     
   396.00000000000000     
   396.50000000000000     
   397.00000000000000     
   397.50000000000000     
   398.00000000000000     
   398.50000000000000     
   399.00000000000000     
   399.50000000000000     
   400.00000000000000     
   400.50000000000000     
   401.00000000000000     
   401.50000000000000     
   402.00000000000000     
   402.50000000000000     
   403.00000000000000     
   403.50000000000000     
   404.00000000000000     
   404.50000000000000     
   405.00000000000000     
   405.50000000000000     
   406.00000000000000     
   406.50000000000000     
   407.00000000000000     
   407.50000000000000     
   408.00000000000000     
   408.50000000000000     
   409.00000000000000     
   409.50000000000000     
   410.00000000000000     
   410.50000000000000     
   411.00000000000000     
   411.50000000000000     
   412.00000000000000     
   412.50000000000000     
   413.00000000000000     
   413.50000000000000     
   414.00000000000000     
   414.50000000000000     
   415.00000000000000     
   415.50000000000000     
   416.00000000000000     
   416.50000000000000     
   417.00000000000000     
   417.50000000000000     
   418.00000000000000     
   418.50000000000000     
   419.00000000000000     
   419.50000000000000     
   420.00000000000000     
   420.50000000000000     
   421.00000000000000     
   421.50000000000000     
   422.00000000000000     
   422.50000000000000     
   423.00000000000000     
   423.50000000000000     
   424.00000000000000     
   424.50000000000000     
   425.00000000000000     
   425.50000000000000     
   426.00000000000000     
   426.50000000000000     
   427.00000000000000     
   427.50000000000000     
   428.00000000000000     
   428.50000000000000     
   429.00000000000000     
   429.50000000000000     
   430.00000000000000     
   430.50000000000000     
   431.00000000000000     
   431.50000000000000     
   432.00000000000000     
   432.50000000000000     
   433.00000000000000     
   433.50000000000000     
   434.00000000000000     
   434.50000000000000     
   435.00000000000000     
   435.50000000000000     
   436.00000000000000     
   436.50000000000000     
   437.00000000000000     
   437.50000000000000     
   438.00000000000000     
   438.50000000000000     
   439.00000000000000     
   439.50000000000000     
   440.00000000000000     
   440.50000000000000     
   441.00000000000000     
   441.50000000000000     
   442.00000000000000     
   442.50000000000000     
   443.00000000000000     
   443.50000000000000     
   444.00000000000000     
   444.50000000000000     
   445.00000000000000     
   445.50000000000000     
   446.00000000000000     
   446.50000000000000     
   447.00000000000000     
   447.50000000000000     
   448.00000000000000     
   448.50000000000000     
   449.00000000000000     
   449.50000000000000     
   450.00000000000000     
   450.50000000000000     
   451.00000000000000     
   451.50000000000000     
   452.00000000000000     
   452.50000000000000     
   453.00000000000000     
   453.50000000000000     
   454.00000000000000     
   454.50000000000000     
   455.00000000000000     
   455.50000000000000     
   456.00000000000000     
   456.50000000000000     
   457.00000000000000     
   457.50000000000000     
   458.00000000000000     
   458.50000000000000     
   459.00000000000000     
   459.50000000000000     
   460.00000000000000     
   460.50000000000000     
   461.00000000000000     
   461.50000000000000     
   462.00000000000000     
   462.50000000000000     
   463.00000000000000     
   463.50000000000000     
   464.00000000000000     
   464.50000000000000     
   465.00000000000000     
   465.50000000000000     
   466.00000000000000     
   466.50000000000000     
   467.00000000000000     
   467.50000000000000     
   468.00000000000000     
   468.50000000000000     
   469.00000000000000     
   469.50000000000000     
   470.00000000000000     
   470.50000000000000     
   471.00000000000000     
   471.50000000000000     
   472.00000000000000     
   472.50000000000000     
   473.00000000000000     
   473.50000000000000     
   474.00000000000000     
   474.50000000000000     
   475.00000000000000     
   475.50000000000000     
   476.00000000000000     
   476.50000000000000     
   477.00000000000000     
   477.50000000000000     
   478.00000000000000     
   478.50000000000000     
   479.00000000000000     
   479.50000000000000     
   480.00000000000000     
   480.50000000000000     
   481.00000000000000     
   481.50000000000000     
   482.00000000000000     
   482.50000000000000     
   483.00000000000000     
   483.50000000000000     
   484.00000000000000     
   484.50000000000000     
   485.00000000000000     
   485.50000000000000     
   486.00000000000000     
   486.50000000000000     
   487.00000000000000     
   487.50000000000000     
   488.00000000000000     
   488.50000000000000     
   489.00000000000000     
   489.50000000000000     
   490.00000000000000     
   490.50000000000000     
   491.00000000000000     
   491.50000000000000     
   492.00000000000000     
   492.50000000000000     
   493.00000000000000     
   493.50000000000000     
   494.00000000000000     
   494.50000000000000     
   495.00000000000000     
   495.50000000000000     
   496.00000000000000     
   496.50000000000000     
   497.00000000000000     
   497.50000000000000     
   498.00000000000000     
   498.50000000000000     
   499.00000000000000     
   499.50000000000000     
   500.00000000000000     
