   0.0000000000000000     
  0.10000000000000001     
  0.20000000000000001     
  0.30000000000000004     
  0.40000000000000002     
  0.50000000000000000     
  0.59999999999999998     
  0.69999999999999996     
  0.79999999999999993     
  0.89999999999999991     
  0.99999999999999989     
   1.0999999999999999     
   1.2000000000000000     
   1.3000000000000000     
   1.4000000000000001     
   1.5000000000000002     
   1.6000000000000003     
   1.7000000000000004     
   1.8000000000000005     
   1.9000000000000006     
   2.0000000000000004     
   2.1000000000000005     
   2.2000000000000006     
   2.3000000000000007     
   2.4000000000000008     
   2.5000000000000009     
   2.6000000000000010     
   2.7000000000000011     
   2.8000000000000012     
   2.9000000000000012     
   3.0000000000000013     
   3.1000000000000014     
   3.2000000000000015     
   3.3000000000000016     
   3.4000000000000017     
   3.5000000000000018     
   3.6000000000000019     
   3.7000000000000020     
   3.8000000000000020     
   3.9000000000000021     
   4.0000000000000018     
   4.1000000000000014     
   4.2000000000000011     
   4.3000000000000007     
   4.4000000000000004     
   4.5000000000000000     
   4.5999999999999996     
   4.6999999999999993     
   4.7999999999999989     
   4.8999999999999986     
   4.9999999999999982     
   5.0999999999999979     
   5.1999999999999975     
   5.2999999999999972     
   5.3999999999999968     
   5.4999999999999964     
   5.5999999999999961     
   5.6999999999999957     
   5.7999999999999954     
   5.8999999999999950     
   5.9999999999999947     
   6.0999999999999943     
   6.1999999999999940     
   6.2999999999999936     
   6.3999999999999932     
   6.4999999999999929     
   6.5999999999999925     
   6.6999999999999922     
   6.7999999999999918     
   6.8999999999999915     
   6.9999999999999911     
   7.0999999999999908     
   7.1999999999999904     
   7.2999999999999901     
   7.3999999999999897     
   7.4999999999999893     
   7.5999999999999890     
   7.6999999999999886     
   7.7999999999999883     
   7.8999999999999879     
   7.9999999999999876     
   8.0999999999999872     
   8.1999999999999869     
   8.2999999999999865     
   8.3999999999999861     
   8.4999999999999858     
   8.5999999999999854     
   8.6999999999999851     
   8.7999999999999847     
   8.8999999999999844     
   8.9999999999999840     
   9.0999999999999837     
   9.1999999999999833     
   9.2999999999999829     
   9.3999999999999826     
   9.4999999999999822     
   9.5999999999999819     
   9.6999999999999815     
   9.7999999999999812     
   9.8999999999999808     
   9.9999999999999805     
   10.099999999999980     
   10.199999999999980     
   10.299999999999979     
   10.399999999999979     
   10.499999999999979     
   10.599999999999978     
   10.699999999999978     
   10.799999999999978     
   10.899999999999977     
   10.999999999999977     
   11.099999999999977     
   11.199999999999976     
   11.299999999999976     
   11.399999999999975     
   11.499999999999975     
   11.599999999999975     
   11.699999999999974     
   11.799999999999974     
   11.899999999999974     
   11.999999999999973     
   12.099999999999973     
   12.199999999999973     
   12.299999999999972     
   12.399999999999972     
   12.499999999999972     
   12.599999999999971     
   12.699999999999971     
   12.799999999999971     
   12.899999999999970     
   12.999999999999970     
   13.099999999999969     
   13.199999999999969     
   13.299999999999969     
   13.399999999999968     
   13.499999999999968     
   13.599999999999968     
   13.699999999999967     
   13.799999999999967     
   13.899999999999967     
   13.999999999999966     
   14.099999999999966     
   14.199999999999966     
   14.299999999999965     
   14.399999999999965     
   14.499999999999964     
   14.599999999999964     
   14.699999999999964     
   14.799999999999963     
   14.899999999999963     
   14.999999999999963     
   15.099999999999962     
   15.199999999999962     
   15.299999999999962     
   15.399999999999961     
   15.499999999999961     
   15.599999999999961     
   15.699999999999960     
   15.799999999999960     
   15.899999999999959     
   15.999999999999959     
   16.099999999999959     
   16.199999999999960     
   16.299999999999962     
   16.399999999999963     
   16.499999999999964     
   16.599999999999966     
   16.699999999999967     
   16.799999999999969     
   16.899999999999970     
   16.999999999999972     
   17.099999999999973     
   17.199999999999974     
   17.299999999999976     
   17.399999999999977     
   17.499999999999979     
   17.599999999999980     
   17.699999999999982     
   17.799999999999983     
   17.899999999999984     
   17.999999999999986     
   18.099999999999987     
   18.199999999999989     
   18.299999999999990     
   18.399999999999991     
   18.499999999999993     
   18.599999999999994     
   18.699999999999996     
   18.799999999999997     
   18.899999999999999     
   19.000000000000000     
   19.100000000000001     
   19.200000000000003     
   19.300000000000004     
   19.400000000000006     
   19.500000000000007     
   19.600000000000009     
   19.700000000000010     
   19.800000000000011     
   19.900000000000013     
   20.000000000000014     
   20.100000000000016     
   20.200000000000017     
   20.300000000000018     
   20.400000000000020     
   20.500000000000021     
   20.600000000000023     
   20.700000000000024     
   20.800000000000026     
   20.900000000000027     
   21.000000000000028     
   21.100000000000030     
   21.200000000000031     
   21.300000000000033     
   21.400000000000034     
   21.500000000000036     
   21.600000000000037     
   21.700000000000038     
   21.800000000000040     
   21.900000000000041     
   22.000000000000043     
   22.100000000000044     
   22.200000000000045     
   22.300000000000047     
   22.400000000000048     
   22.500000000000050     
   22.600000000000051     
   22.700000000000053     
   22.800000000000054     
   22.900000000000055     
   23.000000000000057     
   23.100000000000058     
   23.200000000000060     
   23.300000000000061     
   23.400000000000063     
   23.500000000000064     
   23.600000000000065     
   23.700000000000067     
   23.800000000000068     
   23.900000000000070     
   24.000000000000071     
   24.100000000000072     
   24.200000000000074     
   24.300000000000075     
   24.400000000000077     
   24.500000000000078     
   24.600000000000080     
   24.700000000000081     
   24.800000000000082     
   24.900000000000084     
   25.000000000000085     
   25.100000000000087     
   25.200000000000088     
   25.300000000000090     
   25.400000000000091     
   25.500000000000092     
   25.600000000000094     
   25.700000000000095     
   25.800000000000097     
   25.900000000000098     
   26.000000000000099     
   26.100000000000101     
   26.200000000000102     
   26.300000000000104     
   26.400000000000105     
   26.500000000000107     
   26.600000000000108     
   26.700000000000109     
   26.800000000000111     
   26.900000000000112     
   27.000000000000114     
   27.100000000000115     
   27.200000000000117     
   27.300000000000118     
   27.400000000000119     
   27.500000000000121     
   27.600000000000122     
   27.700000000000124     
   27.800000000000125     
   27.900000000000126     
   28.000000000000128     
   28.100000000000129     
   28.200000000000131     
   28.300000000000132     
   28.400000000000134     
   28.500000000000135     
   28.600000000000136     
   28.700000000000138     
   28.800000000000139     
   28.900000000000141     
   29.000000000000142     
   29.100000000000144     
   29.200000000000145     
   29.300000000000146     
   29.400000000000148     
   29.500000000000149     
   29.600000000000151     
   29.700000000000152     
   29.800000000000153     
   29.900000000000155     
   30.000000000000156     
   30.100000000000158     
   30.200000000000159     
   30.300000000000161     
   30.400000000000162     
   30.500000000000163     
   30.600000000000165     
   30.700000000000166     
   30.800000000000168     
   30.900000000000169     
   31.000000000000171     
   31.100000000000172     
   31.200000000000173     
   31.300000000000175     
   31.400000000000176     
   31.500000000000178     
   31.600000000000179     
   31.700000000000180     
   31.800000000000182     
   31.900000000000183     
   32.000000000000185     
   32.100000000000186     
   32.200000000000188     
   32.300000000000189     
   32.400000000000190     
   32.500000000000192     
   32.600000000000193     
   32.700000000000195     
   32.800000000000196     
   32.900000000000198     
   33.000000000000199     
   33.100000000000200     
   33.200000000000202     
   33.300000000000203     
   33.400000000000205     
   33.500000000000206     
   33.600000000000207     
   33.700000000000209     
   33.800000000000210     
   33.900000000000212     
   34.000000000000213     
   34.100000000000215     
   34.200000000000216     
   34.300000000000217     
   34.400000000000219     
   34.500000000000220     
   34.600000000000222     
   34.700000000000223     
   34.800000000000225     
   34.900000000000226     
   35.000000000000227     
   35.100000000000229     
   35.200000000000230     
   35.300000000000232     
   35.400000000000233     
   35.500000000000234     
   35.600000000000236     
   35.700000000000237     
   35.800000000000239     
   35.900000000000240     
   36.000000000000242     
   36.100000000000243     
   36.200000000000244     
   36.300000000000246     
   36.400000000000247     
   36.500000000000249     
   36.600000000000250     
   36.700000000000252     
   36.800000000000253     
   36.900000000000254     
   37.000000000000256     
   37.100000000000257     
   37.200000000000259     
   37.300000000000260     
   37.400000000000261     
   37.500000000000263     
   37.600000000000264     
   37.700000000000266     
   37.800000000000267     
   37.900000000000269     
   38.000000000000270     
   38.100000000000271     
   38.200000000000273     
   38.300000000000274     
   38.400000000000276     
   38.500000000000277     
   38.600000000000279     
   38.700000000000280     
   38.800000000000281     
   38.900000000000283     
   39.000000000000284     
   39.100000000000286     
   39.200000000000287     
   39.300000000000288     
   39.400000000000290     
   39.500000000000291     
   39.600000000000293     
   39.700000000000294     
   39.800000000000296     
   39.900000000000297     
   40.000000000000298     
   40.100000000000300     
   40.200000000000301     
   40.300000000000303     
   40.400000000000304     
   40.500000000000306     
   40.600000000000307     
   40.700000000000308     
   40.800000000000310     
   40.900000000000311     
   41.000000000000313     
   41.100000000000314     
   41.200000000000315     
   41.300000000000317     
   41.400000000000318     
   41.500000000000320     
   41.600000000000321     
   41.700000000000323     
   41.800000000000324     
   41.900000000000325     
   42.000000000000327     
   42.100000000000328     
   42.200000000000330     
   42.300000000000331     
   42.400000000000333     
   42.500000000000334     
   42.600000000000335     
   42.700000000000337     
   42.800000000000338     
   42.900000000000340     
   43.000000000000341     
   43.100000000000342     
   43.200000000000344     
   43.300000000000345     
   43.400000000000347     
   43.500000000000348     
   43.600000000000350     
   43.700000000000351     
   43.800000000000352     
   43.900000000000354     
   44.000000000000355     
   44.100000000000357     
   44.200000000000358     
   44.300000000000360     
   44.400000000000361     
   44.500000000000362     
   44.600000000000364     
   44.700000000000365     
   44.800000000000367     
   44.900000000000368     
   45.000000000000369     
   45.100000000000371     
   45.200000000000372     
   45.300000000000374     
   45.400000000000375     
   45.500000000000377     
   45.600000000000378     
   45.700000000000379     
   45.800000000000381     
   45.900000000000382     
   46.000000000000384     
   46.100000000000385     
   46.200000000000387     
   46.300000000000388     
   46.400000000000389     
   46.500000000000391     
   46.600000000000392     
   46.700000000000394     
   46.800000000000395     
   46.900000000000396     
   47.000000000000398     
   47.100000000000399     
   47.200000000000401     
   47.300000000000402     
   47.400000000000404     
   47.500000000000405     
   47.600000000000406     
   47.700000000000408     
   47.800000000000409     
   47.900000000000411     
   48.000000000000412     
   48.100000000000414     
   48.200000000000415     
   48.300000000000416     
   48.400000000000418     
   48.500000000000419     
   48.600000000000421     
   48.700000000000422     
   48.800000000000423     
   48.900000000000425     
   49.000000000000426     
   49.100000000000428     
   49.200000000000429     
   49.300000000000431     
   49.400000000000432     
   49.500000000000433     
   49.600000000000435     
   49.700000000000436     
   49.800000000000438     
   49.900000000000439     
   50.000000000000441     
   50.100000000000442     
   50.200000000000443     
   50.300000000000445     
   50.400000000000446     
   50.500000000000448     
   50.600000000000449     
   50.700000000000450     
   50.800000000000452     
   50.900000000000453     
   51.000000000000455     
   51.100000000000456     
   51.200000000000458     
   51.300000000000459     
   51.400000000000460     
   51.500000000000462     
   51.600000000000463     
   51.700000000000465     
   51.800000000000466     
   51.900000000000468     
   52.000000000000469     
   52.100000000000470     
   52.200000000000472     
   52.300000000000473     
   52.400000000000475     
   52.500000000000476     
   52.600000000000477     
   52.700000000000479     
   52.800000000000480     
   52.900000000000482     
   53.000000000000483     
   53.100000000000485     
   53.200000000000486     
   53.300000000000487     
   53.400000000000489     
   53.500000000000490     
   53.600000000000492     
   53.700000000000493     
   53.800000000000495     
   53.900000000000496     
   54.000000000000497     
   54.100000000000499     
   54.200000000000500     
   54.300000000000502     
   54.400000000000503     
   54.500000000000504     
   54.600000000000506     
   54.700000000000507     
   54.800000000000509     
   54.900000000000510     
   55.000000000000512     
   55.100000000000513     
   55.200000000000514     
   55.300000000000516     
   55.400000000000517     
   55.500000000000519     
   55.600000000000520     
   55.700000000000522     
   55.800000000000523     
   55.900000000000524     
   56.000000000000526     
   56.100000000000527     
   56.200000000000529     
   56.300000000000530     
   56.400000000000531     
   56.500000000000533     
   56.600000000000534     
   56.700000000000536     
   56.800000000000537     
   56.900000000000539     
   57.000000000000540     
   57.100000000000541     
   57.200000000000543     
   57.300000000000544     
   57.400000000000546     
   57.500000000000547     
   57.600000000000549     
   57.700000000000550     
   57.800000000000551     
   57.900000000000553     
   58.000000000000554     
   58.100000000000556     
   58.200000000000557     
   58.300000000000558     
   58.400000000000560     
   58.500000000000561     
   58.600000000000563     
   58.700000000000564     
   58.800000000000566     
   58.900000000000567     
   59.000000000000568     
   59.100000000000570     
   59.200000000000571     
   59.300000000000573     
   59.400000000000574     
   59.500000000000576     
   59.600000000000577     
   59.700000000000578     
   59.800000000000580     
   59.900000000000581     
   60.000000000000583     
   60.100000000000584     
   60.200000000000585     
   60.300000000000587     
   60.400000000000588     
   60.500000000000590     
   60.600000000000591     
   60.700000000000593     
   60.800000000000594     
   60.900000000000595     
   61.000000000000597     
   61.100000000000598     
   61.200000000000600     
   61.300000000000601     
   61.400000000000603     
   61.500000000000604     
   61.600000000000605     
   61.700000000000607     
   61.800000000000608     
   61.900000000000610     
   62.000000000000611     
   62.100000000000612     
   62.200000000000614     
   62.300000000000615     
   62.400000000000617     
   62.500000000000618     
   62.600000000000620     
   62.700000000000621     
   62.800000000000622     
   62.900000000000624     
   63.000000000000625     
   63.100000000000627     
   63.200000000000628     
   63.300000000000630     
   63.400000000000631     
   63.500000000000632     
   63.600000000000634     
   63.700000000000635     
   63.800000000000637     
   63.900000000000638     
   64.000000000000639     
   64.100000000000634     
   64.200000000000628     
   64.300000000000622     
   64.400000000000617     
   64.500000000000611     
   64.600000000000605     
   64.700000000000600     
   64.800000000000594     
   64.900000000000588     
   65.000000000000583     
   65.100000000000577     
   65.200000000000571     
   65.300000000000566     
   65.400000000000560     
   65.500000000000554     
   65.600000000000549     
   65.700000000000543     
   65.800000000000537     
   65.900000000000531     
   66.000000000000526     
   66.100000000000520     
   66.200000000000514     
   66.300000000000509     
   66.400000000000503     
   66.500000000000497     
   66.600000000000492     
   66.700000000000486     
   66.800000000000480     
   66.900000000000475     
   67.000000000000469     
   67.100000000000463     
   67.200000000000458     
   67.300000000000452     
   67.400000000000446     
   67.500000000000441     
   67.600000000000435     
   67.700000000000429     
   67.800000000000423     
   67.900000000000418     
   68.000000000000412     
   68.100000000000406     
   68.200000000000401     
   68.300000000000395     
   68.400000000000389     
   68.500000000000384     
   68.600000000000378     
   68.700000000000372     
   68.800000000000367     
   68.900000000000361     
   69.000000000000355     
   69.100000000000350     
   69.200000000000344     
   69.300000000000338     
   69.400000000000333     
   69.500000000000327     
   69.600000000000321     
   69.700000000000315     
   69.800000000000310     
   69.900000000000304     
   70.000000000000298     
   70.100000000000293     
   70.200000000000287     
   70.300000000000281     
   70.400000000000276     
   70.500000000000270     
   70.600000000000264     
   70.700000000000259     
   70.800000000000253     
   70.900000000000247     
   71.000000000000242     
   71.100000000000236     
   71.200000000000230     
   71.300000000000225     
   71.400000000000219     
   71.500000000000213     
   71.600000000000207     
   71.700000000000202     
   71.800000000000196     
   71.900000000000190     
   72.000000000000185     
   72.100000000000179     
   72.200000000000173     
   72.300000000000168     
   72.400000000000162     
   72.500000000000156     
   72.600000000000151     
   72.700000000000145     
   72.800000000000139     
   72.900000000000134     
   73.000000000000128     
   73.100000000000122     
   73.200000000000117     
   73.300000000000111     
   73.400000000000105     
   73.500000000000099     
   73.600000000000094     
   73.700000000000088     
   73.800000000000082     
   73.900000000000077     
   74.000000000000071     
   74.100000000000065     
   74.200000000000060     
   74.300000000000054     
   74.400000000000048     
   74.500000000000043     
   74.600000000000037     
   74.700000000000031     
   74.800000000000026     
   74.900000000000020     
   75.000000000000014     
   75.100000000000009     
   75.200000000000003     
   75.299999999999997     
   75.399999999999991     
   75.499999999999986     
   75.599999999999980     
   75.699999999999974     
   75.799999999999969     
   75.899999999999963     
   75.999999999999957     
   76.099999999999952     
   76.199999999999946     
   76.299999999999940     
   76.399999999999935     
   76.499999999999929     
   76.599999999999923     
   76.699999999999918     
   76.799999999999912     
   76.899999999999906     
   76.999999999999901     
   77.099999999999895     
   77.199999999999889     
   77.299999999999883     
   77.399999999999878     
   77.499999999999872     
   77.599999999999866     
   77.699999999999861     
   77.799999999999855     
   77.899999999999849     
   77.999999999999844     
   78.099999999999838     
   78.199999999999832     
   78.299999999999827     
   78.399999999999821     
   78.499999999999815     
   78.599999999999810     
   78.699999999999804     
   78.799999999999798     
   78.899999999999793     
   78.999999999999787     
   79.099999999999781     
   79.199999999999775     
   79.299999999999770     
   79.399999999999764     
   79.499999999999758     
   79.599999999999753     
   79.699999999999747     
   79.799999999999741     
   79.899999999999736     
   79.999999999999730     
   80.099999999999724     
   80.199999999999719     
   80.299999999999713     
   80.399999999999707     
   80.499999999999702     
   80.599999999999696     
   80.699999999999690     
   80.799999999999685     
   80.899999999999679     
   80.999999999999673     
   81.099999999999667     
   81.199999999999662     
   81.299999999999656     
   81.399999999999650     
   81.499999999999645     
   81.599999999999639     
   81.699999999999633     
   81.799999999999628     
   81.899999999999622     
   81.999999999999616     
   82.099999999999611     
   82.199999999999605     
   82.299999999999599     
   82.399999999999594     
   82.499999999999588     
   82.599999999999582     
   82.699999999999577     
   82.799999999999571     
   82.899999999999565     
   82.999999999999559     
   83.099999999999554     
   83.199999999999548     
   83.299999999999542     
   83.399999999999537     
   83.499999999999531     
   83.599999999999525     
   83.699999999999520     
   83.799999999999514     
   83.899999999999508     
   83.999999999999503     
   84.099999999999497     
   84.199999999999491     
   84.299999999999486     
   84.399999999999480     
   84.499999999999474     
   84.599999999999469     
   84.699999999999463     
   84.799999999999457     
   84.899999999999451     
   84.999999999999446     
   85.099999999999440     
   85.199999999999434     
   85.299999999999429     
   85.399999999999423     
   85.499999999999417     
   85.599999999999412     
   85.699999999999406     
   85.799999999999400     
   85.899999999999395     
   85.999999999999389     
   86.099999999999383     
   86.199999999999378     
   86.299999999999372     
   86.399999999999366     
   86.499999999999361     
   86.599999999999355     
   86.699999999999349     
   86.799999999999343     
   86.899999999999338     
   86.999999999999332     
   87.099999999999326     
   87.199999999999321     
   87.299999999999315     
   87.399999999999309     
   87.499999999999304     
   87.599999999999298     
   87.699999999999292     
   87.799999999999287     
   87.899999999999281     
   87.999999999999275     
   88.099999999999270     
   88.199999999999264     
   88.299999999999258     
   88.399999999999253     
   88.499999999999247     
   88.599999999999241     
   88.699999999999235     
   88.799999999999230     
   88.899999999999224     
   88.999999999999218     
   89.099999999999213     
   89.199999999999207     
   89.299999999999201     
   89.399999999999196     
   89.499999999999190     
   89.599999999999184     
   89.699999999999179     
   89.799999999999173     
   89.899999999999167     
   89.999999999999162     
   90.099999999999156     
   90.199999999999150     
   90.299999999999145     
   90.399999999999139     
   90.499999999999133     
   90.599999999999127     
   90.699999999999122     
   90.799999999999116     
   90.899999999999110     
   90.999999999999105     
   91.099999999999099     
   91.199999999999093     
   91.299999999999088     
   91.399999999999082     
   91.499999999999076     
   91.599999999999071     
   91.699999999999065     
   91.799999999999059     
   91.899999999999054     
   91.999999999999048     
   92.099999999999042     
   92.199999999999037     
   92.299999999999031     
   92.399999999999025     
   92.499999999999019     
   92.599999999999014     
   92.699999999999008     
   92.799999999999002     
   92.899999999998997     
   92.999999999998991     
   93.099999999998985     
   93.199999999998980     
   93.299999999998974     
   93.399999999998968     
   93.499999999998963     
   93.599999999998957     
   93.699999999998951     
   93.799999999998946     
   93.899999999998940     
   93.999999999998934     
   94.099999999998929     
   94.199999999998923     
   94.299999999998917     
   94.399999999998911     
   94.499999999998906     
   94.599999999998900     
   94.699999999998894     
   94.799999999998889     
   94.899999999998883     
   94.999999999998877     
   95.099999999998872     
   95.199999999998866     
   95.299999999998860     
   95.399999999998855     
   95.499999999998849     
   95.599999999998843     
   95.699999999998838     
   95.799999999998832     
   95.899999999998826     
   95.999999999998820     
   96.099999999998815     
   96.199999999998809     
   96.299999999998803     
   96.399999999998798     
   96.499999999998792     
   96.599999999998786     
   96.699999999998781     
   96.799999999998775     
   96.899999999998769     
   96.999999999998764     
   97.099999999998758     
   97.199999999998752     
   97.299999999998747     
   97.399999999998741     
   97.499999999998735     
   97.599999999998730     
   97.699999999998724     
   97.799999999998718     
   97.899999999998712     
   97.999999999998707     
   98.099999999998701     
   98.199999999998695     
   98.299999999998690     
   98.399999999998684     
   98.499999999998678     
   98.599999999998673     
   98.699999999998667     
   98.799999999998661     
   98.899999999998656     
   98.999999999998650     
   99.099999999998644     
   99.199999999998639     
   99.299999999998633     
   99.399999999998627     
   99.499999999998622     
   99.599999999998616     
   99.699999999998610     
   99.799999999998604     
   99.899999999998599     
   99.999999999998593     
